Algorithme de Gauss-Newton
--------------------------------------------------------------------------------------------
     nb_iter         A0        lambda    ||f'(beta)||     f(beta)    ||delta||     exitflag 
--------------------------------------------------------------------------------------------
            0           10       0.0001   4.6322e+05        48.07

            1       15.022   0.00010633   4.6322e+05        48.07       5.0219            4

            2       15.025   0.00010433        15913      0.10507    0.0032964            4

            3       15.025   0.00010432       5.9024     0.088621   0.00068766            4

            4       15.024   0.00010432      0.39911     0.088621   4.9165e-06            4

            5       15.024   0.00010432     0.004769     0.088621   5.9074e-08            2

            5       15.024   0.00010432     0.004769     0.088621   5.9074e-08            2

            5       15.024   0.00010432     0.004769     0.088621   5.9074e-08            2

            5       15.024   0.00010432     0.004769     0.088621   5.9074e-08            2

--------------------------------------------------------------------------------------------
Algorithme de Newton
--------------------------------------------------------------------------------------------
     nb_iter         A0        lambda    ||f'(beta)||     f(beta)    ||delta||     exitflag 
--------------------------------------------------------------------------------------------
            0           10       0.0001   4.6322e+05        48.07

     0     0     0     0     0     0     0

     0     0     0     0     0     0     0

     0     0     0     0     0     0     0

     0     0     0     0     0     0     0

     0     0     0     0     0     0     0

     0     0     0     0     0     0     0

     0     0     0     0     0     0     0

     0     0     0     0     0     0     0

--------------------------------------------------------------------------------------------
